numX=50
numY=50
numZ=50
lenX=1.0
lenY=1.0
lenZ=1.0

time=1.0
CFL=0.4
writestepsFraction=0.01
writeField=true

v0=0
c1=0.1
c2=0
field=navierField

centerX=0.7
centerY=-0.17101
centerZ=0.0
radius=0.583057853132946

expcpX=0.2302
expcpY=0.0
expcpZ=0.3
expNormalX=-0.80575195
expNormalY=0.29329851
expNormalZ=0.5145287

trackedContactPoint=left
calculateCurvature=true
