numX=100
numY=100
numZ=100
lenX=1.0
lenY=1.0
lenZ=1.0

time=2.0
CFL=0.4
writestepsFraction=0.1
writeField=true

v0=0.1
c1=0.1
c2=0.1
c3=-0.2
c4=0.3
c5=-0.1
c6=0.1
field=strawberryField

centerX=0.5
centerY=-0.3535533905932738  // R*cos(CA) == R*cos(45°) == sqrt(1/8)
centerZ=0.5
radius=0.5

expcpX=0.1464466094067262  // i.e. centerX - R * sin(45°) == 0.5 - sqrt(1/8)
expcpY=0.0
expcpZ=0.5

threads=4