numX=500
numY=500
numZ=1
lenX=1.0
lenY=1.0
lenZ=0.002

time=0.1
timesteps=1000
writesteps=100
numCores=4

field=shearField

centerX=0.4
centerY=-0.1
centerZ=0.0
radius=0.2

expcpX=0.226794919
expcpY=0
expcpZ=0.0
expAngle=1.047198
